% Nodes

nodes = [45 32 28 22 16];

% 4x4

delay_4x4 = [63.9 40.896 35.784 24.992 15.904];
area_4x4 = [19259969.744 9739362.478 7456699.397 4603370.546 2434840.62];
